5.190830000000000000e+05 3.408380000000000000e+05 -1.586100000000000000e+04
4.949170000000000000e+05 3.589530000000000000e+05 -1.944900000000000000e+04
5.404700000000000000e+05 3.122090000000000000e+05 -1.200500000000000000e+04
5.348750000000000000e+05 3.351790000000000000e+05 -1.696200000000000000e+04
5.358420000000000000e+05 2.947930000000000000e+05 -7.525000000000000000e+03
2.205180000000000000e+05 1.583530000000000000e+05 1.292000000000000000e+04
5.461060000000000000e+05 2.653190000000000000e+05 -7.214000000000000000e+03
3.310510000000000000e+05 2.488160000000000000e+05 1.582000000000000000e+03
5.250730000000000000e+05 3.351600000000000000e+05 -1.690000000000000000e+04
7.508520000000000000e+05 3.584320000000000000e+05 -2.476500000000000000e+04
3.318130000000000000e+05 3.198520000000000000e+05 -9.095000000000000000e+03
5.029870000000000000e+05 3.530750000000000000e+05 -1.893900000000000000e+04
8.066490000000000000e+05 3.470670000000000000e+05 -2.204500000000000000e+04
8.907580000000000000e+05 2.646000000000000000e+05 5.901000000000000000e+03
4.863380000000000000e+05 2.424330000000000000e+05 1.389000000000000000e+03
4.842550000000000000e+05 2.356140000000000000e+05 1.942000000000000000e+03
4.615410000000000000e+05 2.217490000000000000e+05 3.087000000000000000e+03
3.464490000000000000e+05 1.959030000000000000e+05 1.229500000000000000e+04
3.298370000000000000e+05 2.196270000000000000e+05 5.923000000000000000e+03
4.443680000000000000e+05 2.223780000000000000e+05 4.887000000000000000e+03
3.046650000000000000e+05 2.013990000000000000e+05 8.893000000000000000e+03
3.287600000000000000e+05 2.218090000000000000e+05 5.750000000000000000e+03
3.355620000000000000e+05 3.225880000000000000e+05 -1.021600000000000000e+04
3.468570000000000000e+05 2.392150000000000000e+05 3.916000000000000000e+03
4.586030000000000000e+05 3.865310000000000000e+05 -2.196600000000000000e+04
5.007860000000000000e+05 3.556830000000000000e+05 -1.765200000000000000e+04
4.861510000000000000e+05 2.624670000000000000e+05 1.555000000000000000e+03
4.435580000000000000e+05 3.914530000000000000e+05 -2.403000000000000000e+04
8.813220000000000000e+05 3.814640000000000000e+05 -1.296000000000000000e+04
5.485100000000000000e+05 3.016880000000000000e+05 -1.223400000000000000e+04
4.220450000000000000e+05 4.026500000000000000e+05 -2.480300000000000000e+04
7.672490000000000000e+05 2.425460000000000000e+05 -8.775000000000000000e+03
4.353710000000000000e+05 2.278410000000000000e+05 6.537000000000000000e+03
4.843660000000000000e+05 3.714880000000000000e+05 -2.115700000000000000e+04
3.639260000000000000e+05 1.980970000000000000e+05 1.096600000000000000e+04
4.714060000000000000e+05 2.514670000000000000e+05 3.365000000000000000e+03
3.224030000000000000e+05 3.432030000000000000e+05 -1.327200000000000000e+04
1.717100000000000000e+05 1.544050000000000000e+05 1.507100000000000000e+04
5.336460000000000000e+05 3.332530000000000000e+05 -1.310900000000000000e+04
3.640090000000000000e+05 2.698530000000000000e+05 -1.577000000000000000e+03
5.158650000000000000e+05 2.601050000000000000e+05 -2.258000000000000000e+03
2.340230000000000000e+05 3.841060000000000000e+05 -1.979000000000000000e+04
5.038780000000000000e+05 2.632370000000000000e+05 -5.110000000000000000e+02
4.804990000000000000e+05 3.686230000000000000e+05 -2.016300000000000000e+04
3.635410000000000000e+05 2.010800000000000000e+05 1.162600000000000000e+04
5.019450000000000000e+05 2.438770000000000000e+05 -7.810000000000000000e+02
4.682740000000000000e+05 2.416880000000000000e+05 3.641000000000000000e+03
3.962650000000000000e+05 2.075600000000000000e+05 8.645000000000000000e+03
6.196380000000000000e+05 4.246340000000000000e+05 -2.983200000000000000e+04
3.627380000000000000e+05 2.569920000000000000e+05 1.280000000000000000e+03
3.531850000000000000e+05 2.895030000000000000e+05 -5.152000000000000000e+03
4.892840000000000000e+05 2.618540000000000000e+05 2.149000000000000000e+03
3.132380000000000000e+05 1.979450000000000000e+05 9.506000000000000000e+03
4.915620000000000000e+05 3.639650000000000000e+05 -2.111200000000000000e+04
5.686570000000000000e+05 2.828950000000000000e+05 -1.092400000000000000e+04
4.784660000000000000e+05 2.329710000000000000e+05 1.663000000000000000e+03
4.671370000000000000e+05 3.800290000000000000e+05 -2.254200000000000000e+04
4.403490000000000000e+05 2.259050000000000000e+05 5.862000000000000000e+03
3.010290000000000000e+05 3.338160000000000000e+05 -1.200000000000000000e+04
5.110390000000000000e+05 3.535580000000000000e+05 -1.945300000000000000e+04
3.623490000000000000e+05 4.259910000000000000e+05 -2.824300000000000000e+04
3.630840000000000000e+05 3.156610000000000000e+05 -8.539000000000000000e+03
7.457780000000000000e+05 3.904800000000000000e+05 -2.459000000000000000e+04
5.165790000000000000e+05 2.450110000000000000e+05 -1.829000000000000000e+03
3.201040000000000000e+05 1.692210000000000000e+05 1.371100000000000000e+04
5.535540000000000000e+05 3.167630000000000000e+05 -1.492400000000000000e+04
4.705200000000000000e+05 3.768560000000000000e+05 -2.264000000000000000e+04
2.760140000000000000e+05 3.801480000000000000e+05 -1.913300000000000000e+04
5.273000000000000000e+05 2.665600000000000000e+05 -2.237000000000000000e+03
3.954010000000000000e+05 2.112350000000000000e+05 9.391000000000000000e+03
4.668450000000000000e+05 2.288190000000000000e+05 3.709000000000000000e+03
5.076970000000000000e+05 3.555020000000000000e+05 -2.008600000000000000e+04
4.652650000000000000e+05 2.268630000000000000e+05 2.725000000000000000e+03
5.404860000000000000e+05 3.323420000000000000e+05 -1.483800000000000000e+04
3.383600000000000000e+05 2.344910000000000000e+05 4.398000000000000000e+03
4.295490000000000000e+05 2.075830000000000000e+05 6.675000000000000000e+03
2.783210000000000000e+05 4.557430000000000000e+05 -3.220900000000000000e+04
